  7.40528155e-01
 -1.52085516e-01  6.38609072e-01
 -8.06119537e-31  5.02972036e-30  7.29045479e-02
 -5.11897700e-01  1.34441796e-01  2.10659838e-30  9.00716744e-01
  1.49039777e-01 -1.39270168e-01  1.09424663e-30 -4.53553752e-02  6.42040869e-01
  1.42963270e-30 -5.68570984e-31 -3.82899009e-02 -1.52491096e-30  8.46861125e-30  1.04621427e-01
 -1.49216934e-01 -8.12424731e-02 -2.13373663e-30 -3.51789853e-02 -3.71652769e-02  1.57961842e-31  1.88978823e-01
 -8.46942827e-02 -1.07640625e-01 -3.16556536e-30 -4.91095151e-03 -6.36459695e-03 -1.33221254e-31  1.15464155e-01  1.15281102e-01
 -5.79954857e-31 -4.06244495e-30 -1.95333781e-02 -1.67376346e-30  2.47462630e-30  6.71504737e-03  1.40593584e-30  3.87894343e-30  1.03360070e-02
 -6.18159572e-02  6.31541472e-02  2.55447335e-31  2.60644392e-03  2.71205594e-02  2.73283584e-31 -5.57674591e-03 -2.90391913e-02  5.59330754e-31  7.07800238e-02
  7.02000598e-02 -3.55834885e-01 -2.60994051e-30 -3.78362177e-03 -5.79173791e-03 -2.68479965e-33 -3.74878605e-03 -9.90027162e-03 -4.97007803e-33 -6.34455645e-02  3.68339967e-01
 -8.22002245e-32 -2.14994782e-30 -2.44470637e-02  9.07743133e-31 -3.10898811e-31 -5.23938285e-03  4.82798267e-31 -4.61214443e-32  1.20978093e-03 -1.37845178e-30  3.36179696e-30  1.95731668e-02
 -4.71249103e-03  5.33146441e-02  4.92926084e-31 -9.29237023e-02  5.32145703e-02  4.74980986e-31  3.34036930e-03  1.84220915e-03  6.56465017e-31 -5.98867637e-03  3.09927438e-04  2.64326889e-31  8.68644724e-02
  7.74862830e-03 -4.51158212e-02 -4.47399076e-31  6.20220053e-02 -3.40146394e-01 -6.83624193e-30  2.80478350e-03  7.83180889e-03 -2.33275925e-30  2.42587726e-03  2.77260212e-03 -8.36987309e-31 -8.75380255e-02  4.12266621e-01
  8.13556612e-31  3.62732480e-31  6.81248679e-03  1.01105263e-30 -9.88990294e-30 -3.73938089e-02  3.32083282e-31 -3.45673880e-31 -6.22123650e-03  8.39797779e-32  -2.54620314e-31  1.21071452e-02 -1.88400886e-30  1.00736208e-29  2.09912425e-02
 -1.28850728e-02 -1.75825976e-02  2.80633161e-32 -2.63322800e-01 -1.46854254e-01 -9.73335518e-31 -2.34652743e-03  1.33806108e-03 -3.81813866e-31 -5.08820630e-06  4.67985056e-04 -1.87961448e-31  1.34200280e-02  1.25367311e-02 -3.99575788e-31  2.65139461e-01
  9.79133403e-03  9.25242704e-03  7.81710039e-32 -1.42413852e-01 -1.50467973e-01 -8.81414329e-31  3.88759727e-03  7.92582700e-04  2.49749830e-32 -2.15828094e-04  4.14324927e-04  1.86528955e-33 -2.11433254e-02 -3.76088169e-02  2.74614801e-32  1.50094075e-01  1.77617455e-01
 -8.20899338e-31  1.35362691e-30  2.55330797e-03 -1.03479360e-30 -1.80670444e-30 -3.04133818e-02 -2.84055903e-31 -1.73086394e-31  7.49377920e-03  2.26689826e-31 -5.19175851e-31 -3.20364642e-03 -3.24446210e-32  3.38489653e-31  3.70417085e-03  1.93009090e-30  7.63696157e-31  1.98657701e-02
